$ANSIBLE_VAULT;1.1;AES256
33353963666464366635376632393337396563363964623136646663643137363032376236376336
3737313066346330313161663130343263663466393065380a623438363363643835326131353433
31656537663166313361353766336563383931386536376666633035626161383732333664393436
3661663430653565310a323934653531333861633366663038623936666439346232353064356130
32623030393235323164663535326664656664653232333862326664646162363434356234396466
63356238633435333462386234323835626463323562626465633631656562323734666537306233
32313736333734616633393361333031333265653763313434306137343737396461613263386531
62326232373964383661626561356165313361306165303634353333376334313532653738646136
39613537346330626335653830626164303535633131303164373736336633373135356130303832
64396137393763343534303035343262336532303936643130316134306332376466386633623433
61636265383938373064303864333637383234383563313436303961383764626533623437396233
38346337303231356532346265663532393431616265663536316230623131376665373362653232
65323838393461353935373930373237333466343462326238346165383733306362646433333033
38336431356164393135396138663766326137396136646432353761363633303132313532313136
65383064666138343364626231643335616434343137623837646530386535353337626139343466
39646632316465643035336638323638343461313462633534636362626137616638326238656231
65373066323834316136303636616466353933633237363466643163646632663835666362666562
62666532303164396638633566316333383862323864393364623130643933336165383937383033
39386539666235356538333333363861333034313561643036316139316664626266616431383962
36316536376639646431663166373935353137653639633036653730303437613639366630393531
38626363396231393766303564646436346565363261393963373761653061613238336632646464
64386336393033373638663665353133643832323536346533656466323935373362643038646537
37343035376361373834616439633266656132653235323931646331316664376661313630393764
61336639646333643736363464306338363163333835366561376565363035366338303536376566
36343732646539343734336266386230323331613963383462663462343134623334656563386233
36663034336436333233623732666361386634636330316635363735343562333731373663366365
38303063643330633662303733613937313762393566303833393464626132626438353536636563
32373535396630356434336235623439386238303236353037333230616466366161306139386238
39323035653336333366623864643331626234666437393965303461393863616238663536376261
31653139653533363765616239616162313337643566326366396139323363326531363462646531
34626161356162393238376339633064393263653939336336663365383936393139363332343061
66383466353838663239313138623139633462316235353038316631376131646534336666623163
34663737653230663335666231663262303364303734346136616333386436306137396264373134
30343732663235393265666634353563656132386636616431613263636134396630343434643330
64313131376239363566316436396462613861353166643737343738666633623931333263366231
63333464653537396239643938326162333035356235383338303464343630396335636463356238
37653161323339343036353666656232316362653931396436343031333363383764396630336637
35303665373133356535306234306265636333366666613135333864306662383737383465393933
64303037636563653036636437396164633961303334393662356562303866623266643138353063
61323532323935653666613766373037323164373835313565643364393331656366393531343763
62396238316138333435643765613435333737333939353861643661386134366134636138383532
64323730613961383562616531303831643735346638343363363062306666386435663333313063
64316561653664323634323262666562373231356235643638353336363833643064396465643039
38613665653862316237386238613337383964633733333431333538666536343436393238346638
63666265313765336238646635333963336666653837623262626563323934643432336464313731
66383133343634333364396166626330303433383766666231613932343332643834346230653964
64633362656536623436623636393766313866626161656534303139303535373866336666316330
35643761356339323033356365363863363763313434333936333930393332343832666230643637
61376630613130396366343130396164613861353437363835363962353332623037666332626438
37623963363738626235363964353666663463633533313862656464386264636436333435643433
38346263633835313966316230373337366431303562333233646263336235613033613933343038
33386533353562333931313432626534303230343539666233373831393931653162323137373964
35383634356132616465646232663639303338613935626332613739316461646234643731616533
62376634383637326338373930396635393362323736386434396235386266623063383934623138
64653564373339656136653264663432343635323130393763373763353463326535646434626463
33653838343337663566323461623164323366323833366236326538376337343230396564656361
34373239343539646239383537336561323035383862313365383634663665336264646361363962
30323761353637306462356330393861626631623564626234616439353966323830343139613666
34623662383365656638356433363165343930666465303966663032363638626337353239323838
35323732303831393365623461346135643631323362646563666662353535633266363537346533
63323537626432303034363839313032636135326161366663656338623132383730306563343336
61363934323833336339306261373664343432336466666531393831326432616161323633393839
39326639333630313936343134303032643838363333353763663465326131333934306131643161
38366561376537333966623837656334303039633537616532386233356431666332386235333431
66386161376532633036383334333861343466656561306231316439623134396266626334623165
31313063613339343562613864343837333038663766313131623866386231353661663639343931
62373437313665646561303933356233363932653566313561636532636266356364333961383837
38323930626538663962316439343035613461396365373165306461383435363466643965376232
64323563393038396366616166313733343266396334666265613439386565666165643535396430
62656432316232356164316461323236336231643166306531326466663235326333373238636234
38356138663239626138613035373935653466333464636265653365303162633031636433633665
36373232373763616261663238663931343134653162333037346636636131633039396562313165
30326537663464353232386561326165363033306531366261346536313839613031393461313964
30306461383732623233323564363533326330366234653736643839313634646461313366396332
30663335346161616133376434633461633733616336313934313562356565336631633235346536
62343738646161653936366631663666383135306333303566656366643632363466616132653039
30633138343139323139653430353733303336656538633032383361646539663234303131323061
38393739643464316131303264313834323937363366616539373635393735663036653136336138
66346563643031623563343430343637366366383134646465646433623137356263613439363633
38613031356133326435343765373564663339373635636466373236373263663336383430623736
32316261386461343035373164303331643363343132316439353539313234646665653066323735
33666130303062636464323639643265356432376432343339356632316236643165366338643432
38643233386434613664336133643531616639313663363663383334623961353862336437633036
34623035313765623139616436336663323635626538626134653435656636633562663230643361
36303034656166633137356530653439646436323763636564313236383637356237653935393365
62366537666134303062613639353231303834633130616363393963643463646637623436663336
66313635303163623736616439393435353466626131633762613434666139306163633938393136
39616135663537376238376465376166333462333266663232383336623635663331376432383036
34343663356335316332636134386631376264306533316237306132323338616461313834303933
65636231613436326463313462636631343965343565316566313433303339613964396333613037
38386234613531653630313837383438356131366332663534616462623366616262346238366637
61386561323066626234
